7.200000000000000000e+01 2.360000000000000000e+02 1.770000000000000000e+02 2.350000000000000000e+02 2.040000000000000000e+02 2.900000000000000000e+01 1.960000000000000000e+02 1.620000000000000000e+02 1.780000000000000000e+02
2.360000000000000000e+02 8.400000000000000000e+01 1.650000000000000000e+02 2.180000000000000000e+02 8.700000000000000000e+01 2.230000000000000000e+02 1.540000000000000000e+02 1.550000000000000000e+02 9.200000000000000000e+01
1.770000000000000000e+02 1.650000000000000000e+02 2.460000000000000000e+02 1.990000000000000000e+02 1.920000000000000000e+02 1.300000000000000000e+01 1.500000000000000000e+02 1.480000000000000000e+02 1.550000000000000000e+02
2.350000000000000000e+02 2.180000000000000000e+02 1.990000000000000000e+02 1.230000000000000000e+02 1.140000000000000000e+02 4.000000000000000000e+01 1.850000000000000000e+02 5.000000000000000000e+01 1.050000000000000000e+02
2.040000000000000000e+02 8.700000000000000000e+01 1.920000000000000000e+02 1.140000000000000000e+02 1.040000000000000000e+02 1.570000000000000000e+02 6.600000000000000000e+01 1.520000000000000000e+02 9.700000000000000000e+01
2.900000000000000000e+01 2.230000000000000000e+02 1.300000000000000000e+01 4.000000000000000000e+01 1.570000000000000000e+02 1.360000000000000000e+02 9.500000000000000000e+01 1.800000000000000000e+01 1.570000000000000000e+02
1.960000000000000000e+02 1.540000000000000000e+02 1.500000000000000000e+02 1.850000000000000000e+02 6.600000000000000000e+01 9.500000000000000000e+01 2.110000000000000000e+02 3.100000000000000000e+01 2.130000000000000000e+02
1.620000000000000000e+02 1.550000000000000000e+02 1.480000000000000000e+02 5.000000000000000000e+01 1.520000000000000000e+02 1.800000000000000000e+01 3.100000000000000000e+01 7.300000000000000000e+01 5.200000000000000000e+01
1.780000000000000000e+02 9.200000000000000000e+01 1.550000000000000000e+02 1.050000000000000000e+02 9.700000000000000000e+01 1.570000000000000000e+02 2.130000000000000000e+02 5.200000000000000000e+01 1.820000000000000000e+02
